{
 "metadata": {
  "language_info": {
   "codemirror_mode": {
    "name": "ipython",
    "version": 3
   },
   "file_extension": ".py",
   "mimetype": "text/x-python",
   "name": "python",
   "nbconvert_exporter": "python",
   "pygments_lexer": "ipython3",
   "version": "3.8.8"
  },
  "orig_nbformat": 2,
  "kernelspec": {
   "name": "python388jvsc74a57bd00eecd040b31a140d4c1a4abfb9821f369b6a9e45dafd8a2bb8398d6490c0b8f2",
   "display_name": "Python 3.8.8 64-bit ('base': conda)"
  },
  "metadata": {
   "interpreter": {
    "hash": "0eecd040b31a140d4c1a4abfb9821f369b6a9e45dafd8a2bb8398d6490c0b8f2"
   }
  }
 },
 "nbformat": 4,
 "nbformat_minor": 2,
 "cells": [
  {
   "source": [
    "# fuser"
   ],
   "cell_type": "markdown",
   "metadata": {}
  },
  {
   "source": [
    "参考: [zju3dv/pvnet-rendering](https://github.com/zju3dv/pvnet-rendering)"
   ],
   "cell_type": "markdown",
   "metadata": {}
  },
  {
   "cell_type": "code",
   "execution_count": 232,
   "metadata": {},
   "outputs": [],
   "source": [
    "import os\n",
    "import sys\n",
    "sys.path.append('.')\n",
    "sys.path.append('..')\n",
    "sys.path.append('../../')\n",
    "import time\n",
    "from concurrent.futures import ProcessPoolExecutor\n",
    "from glob import glob\n",
    "\n",
    "import cv2\n",
    "import numpy as np\n",
    "\n",
    "from src.config.config import cfg"
   ]
  },
  {
   "cell_type": "code",
   "execution_count": 233,
   "metadata": {},
   "outputs": [],
   "source": [
    "from matplotlib import pyplot as plt\n",
    "%matplotlib inline"
   ]
  },
  {
   "source": [
    "## Setup"
   ],
   "cell_type": "markdown",
   "metadata": {}
  },
  {
   "cell_type": "code",
   "execution_count": 234,
   "metadata": {},
   "outputs": [],
   "source": [
    "from src.utils.utils import MakeDir\n",
    "\n",
    "tmp_dir = MakeDir(cfg.TEMP_DIR, newly=True)\n",
    "cache_dir= tmp_dir\n",
    "output_dir = tmp_dir\n",
    "idx = 1\n",
    "pvnet_linemod_dir = cfg.PVNET_LINEMOD_DIR\n",
    "linemod_dir = cfg.LINEMOD_DIR\n",
    "obj_name = 'ape'\n",
    "# background_dir='/home/liuyuan/data/SUN2012pascalformat/JPEGImages'\n",
    "background_dir = cfg.TEST_IMG_ORG_DIR\n",
    "fuse_num = 5\n",
    "worker_num=2\n",
    "#prepare_dataset_parallel(output_dir, pvnet_linemod_dir, linemod_dir, fuse_num, background_dir, cache_dir, worker_num)"
   ]
  },
  {
   "source": [
    "## __collect_train_val_test_info Test"
   ],
   "cell_type": "markdown",
   "metadata": {}
  },
  {
   "cell_type": "code",
   "execution_count": 235,
   "metadata": {},
   "outputs": [],
   "source": [
    "def __collect_train_val_test_info(pvnet_linemod_dir: str,\n",
    "                                                                      obj_name: str) -> list:\n",
    "    \"\"\"\n",
    "    PVNet LineMod データセットのカテゴリごとに保存されている training.txt と test.txt ファイルから訓練とテストとして使用するファイル名のリストを返す関数\n",
    "\n",
    "    Args:\n",
    "        pvnet_linemod_dir(str): PVNet_LineMod ディレクトリパス\n",
    "        obj_name(str): LineMod データセットに含まれるオブジェクト名\n",
    "\n",
    "    Return:\n",
    "        test_fns(list): テストデータとして使用される画像のファイル名\n",
    "        train_fns(list): 訓練データとして使用される画像のフィアル名\n",
    "    \"\"\"\n",
    "    with open(os.path.join(pvnet_linemod_dir, obj_name, 'test.txt'), 'r') as f:\n",
    "        test_fns = [line.strip().split('/')[-1] for line in f.readlines()]\n",
    "\n",
    "    with open(os.path.join(pvnet_linemod_dir, obj_name, 'train.txt'), 'r') as f:\n",
    "        train_fns=[line.strip().split('/')[-1] for line in f.readlines()]\n",
    "\n",
    "    return test_fns, train_fns"
   ]
  },
  {
   "cell_type": "code",
   "execution_count": 236,
   "metadata": {},
   "outputs": [
    {
     "output_type": "stream",
     "name": "stdout",
     "text": [
      "fns =\n000000.jpg\n"
     ]
    }
   ],
   "source": [
    "fns = __collect_train_val_test_info(pvnet_linemod_dir=pvnet_linemod_dir,\n",
    "                                                                        obj_name=obj_name)\n",
    "\n",
    "print('fns =')\n",
    "print(fns[0][0])"
   ]
  },
  {
   "source": [
    "## ModelAligner をロード"
   ],
   "cell_type": "markdown",
   "metadata": {}
  },
  {
   "cell_type": "code",
   "execution_count": 237,
   "metadata": {},
   "outputs": [],
   "source": [
    "from Blender.ModelAligner import ModelAligner"
   ]
  },
  {
   "source": [
    "## PoseTransformer"
   ],
   "cell_type": "markdown",
   "metadata": {}
  },
  {
   "cell_type": "code",
   "execution_count": 238,
   "metadata": {},
   "outputs": [],
   "source": [
    "from src.datasets.LineMod.LineModDB import read_pose\n",
    "from src.utils.base_utils import read_mask_np, read_rgb_np, read_pickle, save_pickle"
   ]
  },
  {
   "cell_type": "code",
   "execution_count": 239,
   "metadata": {},
   "outputs": [],
   "source": [
    "class PoseTransformer(object):\n",
    "    rotation_transform = np.array([[1., 0., 0.],\n",
    "                                                                     [0., -1., 0.],\n",
    "                                                                     [0., 0., -1.]])\n",
    "    translation_transforms = {}\n",
    "    obj_name_to_number = {\n",
    "        'ape': '001',\n",
    "        'can': '004',\n",
    "        'cat': '005',\n",
    "        'driller': '006',\n",
    "        'duck': '007',\n",
    "        'eggbox': '008',\n",
    "        'glue': '009',\n",
    "        'holepuncher': '010'\n",
    "    }\n",
    "    blender_models={}\n",
    "\n",
    "    def __init__(self,\n",
    "                              obj_name: str,\n",
    "                              pvnet_linemod_dir: str,\n",
    "                              linemod_dir: str):\n",
    "        \"\"\"\n",
    "        PoseTransformer の初期化関数\n",
    "\n",
    "        Args:\n",
    "            obj_name(str): LineMod データセットに含まれるオブジェクト名\n",
    "            pvnet_linemod_dir(str): PVNet_LineMod データセットのディレクトリパス\n",
    "            linemod_dir(str): LineMod データセットのディレクトリパス\n",
    "        \"\"\"\n",
    "        self.obj_name = obj_name\n",
    "        self.blender_model_path = os.path.join(pvnet_linemod_dir,\n",
    "                                                                                           '{}/{}.ply'.format(obj_name, obj_name))\n",
    "        self.orig_model_path = os.path.join(linemod_dir, \n",
    "                                                                                   '{}/mesh.ply'.format(obj_name))\n",
    "        self.model_aligner = ModelAligner(obj_name,\n",
    "                                                                                pvnet_linemod_dir,\n",
    "                                                                                linemod_dir)\n",
    "\n",
    "    def orig_pose_to_blender_pose(self, pose: np.matrix) -> np.matrix:\n",
    "        \"\"\"\n",
    "        オリジナルの LineMod データセットのオブジェクトの姿勢から Blender 上 でのオブジェクトの姿勢に変換するための関数\n",
    "\n",
    "        Arg:\n",
    "            pose(np.matrix): オリジナルの LineMod データセットのオブジェクトの姿勢情報([R|t] 行列)\n",
    "\n",
    "        Return:\n",
    "            (np.matrix): Blender 上 でのオブジェクトの姿勢情報([R|t] 行列)\n",
    "        \"\"\"\n",
    "        rot, tra = pose[:, :3], pose[:, 3]\n",
    "        tra = tra + np.dot(rot, self.model_aligner.get_translation_transform())\n",
    "        rot = np.dot(rot, self.rotation_transform)\n",
    "        return np.concatenate([rot, np.reshape(tra, newshape=[3, 1])], axis=-1)"
   ]
  },
  {
   "cell_type": "code",
   "execution_count": 240,
   "metadata": {},
   "outputs": [
    {
     "output_type": "stream",
     "name": "stdout",
     "text": [
      "pose =\n[[-0.0963063  0.994044  -0.0510079 -0.111814 ]\n [-0.573321  -0.0135081  0.81922   -0.0783622]\n [ 0.813651   0.10814    0.571207   1.03612  ]]\n"
     ]
    }
   ],
   "source": [
    "img_num = 0\n",
    "\n",
    "rt_dir = os.path.join(linemod_dir,\n",
    "                                          obj_name,\n",
    "                                          'data')\n",
    "\n",
    "pose = read_pose(os.path.join(rt_dir, 'rot{}.rot'.format(img_num)),\n",
    "                                      os.path.join(rt_dir, 'tra{}.tra'.format(img_num)))\n",
    "print('pose =')\n",
    "print(pose)"
   ]
  },
  {
   "cell_type": "code",
   "execution_count": 241,
   "metadata": {},
   "outputs": [
    {
     "output_type": "stream",
     "name": "stdout",
     "text": [
      "RT =\n[[-0.0963063  -0.994044    0.0510079  -0.10798602]\n [-0.573321    0.0135081  -0.81922    -0.10976905]\n [ 0.813651   -0.10814    -0.571207    1.0223418 ]]\n"
     ]
    }
   ],
   "source": [
    "pose_transformer = PoseTransformer(obj_name,\n",
    "                                                                               pvnet_linemod_dir,\n",
    "                                                                               linemod_dir)\n",
    "RT = pose_transformer.orig_pose_to_blender_pose(pose).astype(np.float32)\n",
    "print('RT =')\n",
    "print(RT)"
   ]
  },
  {
   "source": [
    "## _collect_linemod_set_info Test"
   ],
   "cell_type": "markdown",
   "metadata": {}
  },
  {
   "cell_type": "code",
   "execution_count": 242,
   "metadata": {},
   "outputs": [],
   "source": [
    "def _collect_linemod_set_info(pvnet_linemod_dir: str,\n",
    "                                                                 obj_name: str,\n",
    "                                                                 linemod_dir: str,\n",
    "                                                                 cache_dir: str = './') -> list:\n",
    "        \"\"\"\n",
    "        PVNet LineMod データセット と LineMod データセットの各オブジェクトについて以下の情報を読み出し，'_info.pkl' として保存する関数\n",
    "\n",
    "        * rgb_pth: JPEG 画像のパス\n",
    "        * dpt_pth: JPEG 画像に対応する Mask 画像のパス\n",
    "        * RT: 対象オブジェクトの姿勢情報\n",
    "\n",
    "        Args:\n",
    "            pvnet_linemod_dir (str): PVNet_LineMod データセットのディレクトリパス\n",
    "            obj_name (str): LineMod データセットに含まれるオブジェクト名\n",
    "            linemod_dir (str): LineMod データセットのディレクトリパス\n",
    "            cache_dir (str, optional): オブジェクトごとに作成される _info.pkl データの保存先のパス. Defaults to './'.\n",
    "\n",
    "        Returns:\n",
    "            database(list): カテゴリごとに上記の情報が保存された辞書のリスト\n",
    "        \"\"\"\n",
    "        database=[]\n",
    "        if os.path.exists(os.path.join(cache_dir,'{}_info.pkl').format(obj_name)):\n",
    "            return read_pickle(os.path.join(cache_dir,'{}_info.pkl').format(obj_name))\n",
    "\n",
    "        _, train_fns = __collect_train_val_test_info(pvnet_linemod_dir, obj_name)\n",
    "        print('begin generate database {}'.format(obj_name))\n",
    "        # PVNet LineMod データセットから情報を取得\n",
    "        # 画像\n",
    "        rgb_dir = os.path.join(pvnet_linemod_dir,\n",
    "                                                      obj_name,\n",
    "                                                      'JPEGImages')\n",
    "        # マスク画像\n",
    "        msk_dir = os.path.join(pvnet_linemod_dir,\n",
    "                                                        obj_name,\n",
    "                                                        'mask')\n",
    "        # 姿勢\n",
    "        rt_dir = os.path.join(linemod_dir,\n",
    "                                                  obj_name,\n",
    "                                                  'data')\n",
    "        img_num = len(os.listdir(rgb_dir))\n",
    "        for k in range(img_num):\n",
    "            data = {}\n",
    "            data['rgb_pth'] = os.path.join(rgb_dir, '{:06}.jpg'.format(k))\n",
    "            data['dpt_pth'] = os.path.join(msk_dir, '{:04}.png'.format(k))\n",
    "            if data['rgb_pth'].split('/')[-1] not in train_fns: continue # 訓練で使用するファイル名に含まれていなければ、次のファイルへ\n",
    "\n",
    "            pose = read_pose(os.path.join(rt_dir, 'rot{}.rot'.format(k)),\n",
    "                                                  os.path.join(rt_dir, 'tra{}.tra'.format(k)))\n",
    "            pose_transformer = PoseTransformer(obj_name,\n",
    "                                                                                           pvnet_linemod_dir,\n",
    "                                                                                           linemod_dir)\n",
    "            data['RT'] = pose_transformer.orig_pose_to_blender_pose(pose).astype(np.float32)\n",
    "            database.append(data)\n",
    "\n",
    "        print('success generate database {} len {}'.format(obj_name, len(database)))\n",
    "        save_pickle(database, os.path.join(cache_dir,'{}_info.pkl').format(obj_name))\n",
    "        return database"
   ]
  },
  {
   "cell_type": "code",
   "execution_count": 243,
   "metadata": {
    "tags": [
     "outputPrepend"
    ]
   },
   "outputs": [
    {
     "output_type": "stream",
     "name": "stdout",
     "text": [
      "{'rgb_pth': '/media/miki/DATA/My_programing/python/AI/Analysis/data/PVNet_linemod/ape/JPEGImages/000914.jpg', 'dpt_pth': '/media/miki/DATA/My_programing/python/AI/Analysis/data/PVNet_linemod/ape/mask/0914.png', 'RT': array([[-0.0536252 ,  0.975377  , -0.213925  ,  0.00464225],\n",
      "       [ 0.962547  , -0.00652554, -0.271037  , -0.07789672],\n",
      "       [-0.265759  , -0.220448  , -0.938496  ,  0.6899649 ]],\n",
      "      dtype=float32)}, {'rgb_pth': '/media/miki/DATA/My_programing/python/AI/Analysis/data/PVNet_linemod/ape/JPEGImages/000924.jpg', 'dpt_pth': '/media/miki/DATA/My_programing/python/AI/Analysis/data/PVNet_linemod/ape/mask/0924.png', 'RT': array([[ 0.158203  ,  0.987404  ,  0.00231161,  0.02194063],\n",
      "       [ 0.939107  , -0.149741  , -0.309283  , -0.09517974],\n",
      "       [-0.305042  ,  0.0511006 , -0.950967  ,  0.6669531 ]],\n",
      "      dtype=float32)}, {'rgb_pth': '/media/miki/DATA/My_programing/python/AI/Analysis/data/PVNet_linemod/ape/JPEGImages/000927.jpg', 'dpt_pth': '/media/miki/DATA/My_programing/python/AI/Analysis/data/PVNet_linemod/ape/mask/0927.png', 'RT': array([[ 0.391975  ,  0.919846  ,  0.0154296 ,  0.01945356],\n",
      "       [ 0.731666  , -0.301531  , -0.611345  , -0.03595407],\n",
      "       [-0.557691  ,  0.250922  , -0.791213  ,  0.6943007 ]],\n",
      "      dtype=float32)}, {'rgb_pth': '/media/miki/DATA/My_programing/python/AI/Analysis/data/PVNet_linemod/ape/JPEGImages/000931.jpg', 'dpt_pth': '/media/miki/DATA/My_programing/python/AI/Analysis/data/PVNet_linemod/ape/mask/0931.png', 'RT': array([[ 0.124934  ,  0.990147  , -0.0632507 , -0.05818395],\n",
      "       [ 0.253097  , -0.0934465 , -0.962917  ,  0.01392994],\n",
      "       [-0.95934   ,  0.104293  , -0.262278  ,  0.73208606]],\n",
      "      dtype=float32)}, {'rgb_pth': '/media/miki/DATA/My_programing/python/AI/Analysis/data/PVNet_linemod/ape/JPEGImages/000934.jpg', 'dpt_pth': '/media/miki/DATA/My_programing/python/AI/Analysis/data/PVNet_linemod/ape/mask/0934.png', 'RT': array([[-0.0239026 ,  0.990436  , -0.135884  , -0.10223172],\n",
      "       [ 0.360725  , -0.118222  , -0.925149  , -0.03225839],\n",
      "       [-0.932366  , -0.0711304 , -0.35445   ,  0.7187091 ]],\n",
      "      dtype=float32)}, {'rgb_pth': '/media/miki/DATA/My_programing/python/AI/Analysis/data/PVNet_linemod/ape/JPEGImages/000945.jpg', 'dpt_pth': '/media/miki/DATA/My_programing/python/AI/Analysis/data/PVNet_linemod/ape/mask/0945.png', 'RT': array([[ 0.322305  ,  0.863549  ,  0.387817  , -0.00232554],\n",
      "       [ 0.536807  ,  0.170713  , -0.826254  , -0.03007395],\n",
      "       [-0.779716  ,  0.474489  , -0.408537  ,  0.68128663]],\n",
      "      dtype=float32)}, {'rgb_pth': '/media/miki/DATA/My_programing/python/AI/Analysis/data/PVNet_linemod/ape/JPEGImages/000947.jpg', 'dpt_pth': '/media/miki/DATA/My_programing/python/AI/Analysis/data/PVNet_linemod/ape/mask/0947.png', 'RT': array([[ 0.590703  ,  0.715004  ,  0.373951  , -0.02678021],\n",
      "       [ 0.537817  , -0.00339652, -0.843055  , -0.01417519],\n",
      "       [-0.601517  ,  0.699112  , -0.386548  ,  0.70801866]],\n",
      "      dtype=float32)}, {'rgb_pth': '/media/miki/DATA/My_programing/python/AI/Analysis/data/PVNet_linemod/ape/JPEGImages/000956.jpg', 'dpt_pth': '/media/miki/DATA/My_programing/python/AI/Analysis/data/PVNet_linemod/ape/mask/0956.png', 'RT': array([[-0.0536376 ,  0.99747   , -0.0466605 , -0.04671053],\n",
      "       [ 0.165853  , -0.0371796 , -0.985449  ,  0.14373302],\n",
      "       [-0.984691  , -0.060596  , -0.163439  ,  1.0428541 ]],\n",
      "      dtype=float32)}, {'rgb_pth': '/media/miki/DATA/My_programing/python/AI/Analysis/data/PVNet_linemod/ape/JPEGImages/000960.jpg', 'dpt_pth': '/media/miki/DATA/My_programing/python/AI/Analysis/data/PVNet_linemod/ape/mask/0960.png', 'RT': array([[ 0.958288  , -0.190432  , -0.213118  ,  0.17894635],\n",
      "       [-0.285689  , -0.61711   , -0.733183  , -0.07689962],\n",
      "       [ 0.00810457,  0.763486  , -0.645774  ,  1.014797  ]],\n",
      "      dtype=float32)}, {'rgb_pth': '/media/miki/DATA/My_programing/python/AI/Analysis/data/PVNet_linemod/ape/JPEGImages/000962.jpg', 'dpt_pth': '/media/miki/DATA/My_programing/python/AI/Analysis/data/PVNet_linemod/ape/mask/0962.png', 'RT': array([[ 0.831301  , -0.413361  , -0.371579  ,  0.1578608 ],\n",
      "       [-0.55099   , -0.524896  , -0.648763  ,  0.02913452],\n",
      "       [ 0.0731327 ,  0.744054  , -0.664105  ,  0.9989786 ]],\n",
      "      dtype=float32)}, {'rgb_pth': '/media/miki/DATA/My_programing/python/AI/Analysis/data/PVNet_linemod/ape/JPEGImages/000965.jpg', 'dpt_pth': '/media/miki/DATA/My_programing/python/AI/Analysis/data/PVNet_linemod/ape/mask/0965.png', 'RT': array([[ 0.838676  , -0.491375  , -0.23489   ,  0.10449726],\n",
      "       [-0.535308  , -0.664258  , -0.521735  ,  0.07852663],\n",
      "       [ 0.10034   ,  0.563305  , -0.820134  ,  1.0377657 ]],\n",
      "      dtype=float32)}, {'rgb_pth': '/media/miki/DATA/My_programing/python/AI/Analysis/data/PVNet_linemod/ape/JPEGImages/000967.jpg', 'dpt_pth': '/media/miki/DATA/My_programing/python/AI/Analysis/data/PVNet_linemod/ape/mask/0967.png', 'RT': array([[ 9.9060899e-01,  4.3283399e-02, -1.2969200e-01,  8.1775762e-02],\n",
      "       [ 4.4367600e-05, -9.4867003e-01, -3.1626901e-01,  4.7199480e-02],\n",
      "       [-1.3672400e-01,  3.1329301e-01, -9.3976301e-01,  1.0605242e+00]],\n",
      "      dtype=float32)}, {'rgb_pth': '/media/miki/DATA/My_programing/python/AI/Analysis/data/PVNet_linemod/ape/JPEGImages/000975.jpg', 'dpt_pth': '/media/miki/DATA/My_programing/python/AI/Analysis/data/PVNet_linemod/ape/mask/0975.png', 'RT': array([[ 0.963644  ,  0.266843  ,  0.0136216 , -0.05387476],\n",
      "       [ 0.196239  , -0.672233  , -0.713858  , -0.05268899],\n",
      "       [-0.181331  ,  0.690578  , -0.700158  ,  1.0433013 ]],\n",
      "      dtype=float32)}, {'rgb_pth': '/media/miki/DATA/My_programing/python/AI/Analysis/data/PVNet_linemod/ape/JPEGImages/000976.jpg', 'dpt_pth': '/media/miki/DATA/My_programing/python/AI/Analysis/data/PVNet_linemod/ape/mask/0976.png', 'RT': array([[ 0.887837  ,  0.459213  ,  0.0294681 , -0.01636434],\n",
      "       [ 0.344661  , -0.621201  , -0.703788  , -0.06952008],\n",
      "       [-0.304883  ,  0.635006  , -0.709798  ,  1.0639337 ]],\n",
      "      dtype=float32)}, {'rgb_pth': '/media/miki/DATA/My_programing/python/AI/Analysis/data/PVNet_linemod/ape/JPEGImages/000978.jpg', 'dpt_pth': '/media/miki/DATA/My_programing/python/AI/Analysis/data/PVNet_linemod/ape/mask/0978.png', 'RT': array([[ 0.799589  ,  0.586958  ,  0.127033  , -0.0243404 ],\n",
      "       [ 0.54353   , -0.617338  , -0.568743  ,  0.05994954],\n",
      "       [-0.255406  ,  0.523807  , -0.812646  ,  1.0438505 ]],\n",
      "      dtype=float32)}, {'rgb_pth': '/media/miki/DATA/My_programing/python/AI/Analysis/data/PVNet_linemod/ape/JPEGImages/000986.jpg', 'dpt_pth': '/media/miki/DATA/My_programing/python/AI/Analysis/data/PVNet_linemod/ape/mask/0986.png', 'RT': array([[ 0.87431   , -0.484248  , -0.0329507 ,  0.08631359],\n",
      "       [-0.349528  , -0.581062  , -0.734981  ,  0.09967908],\n",
      "       [ 0.336767  ,  0.654119  , -0.677286  ,  1.0520439 ]],\n",
      "      dtype=float32)}, {'rgb_pth': '/media/miki/DATA/My_programing/python/AI/Analysis/data/PVNet_linemod/ape/JPEGImages/001002.jpg', 'dpt_pth': '/media/miki/DATA/My_programing/python/AI/Analysis/data/PVNet_linemod/ape/mask/1002.png', 'RT': array([[ 0.824466  ,  0.359115  , -0.437369  ,  0.25686637],\n",
      "       [-0.238568  , -0.48027   , -0.844053  ,  0.05962806],\n",
      "       [-0.513168  ,  0.800236  , -0.310293  ,  1.0298035 ]],\n",
      "      dtype=float32)}, {'rgb_pth': '/media/miki/DATA/My_programing/python/AI/Analysis/data/PVNet_linemod/ape/JPEGImages/001019.jpg', 'dpt_pth': '/media/miki/DATA/My_programing/python/AI/Analysis/data/PVNet_linemod/ape/mask/1019.png', 'RT': array([[ 0.995246  , -0.0874626 , -0.0428341 ,  0.04807746],\n",
      "       [-0.0928134 , -0.718605  , -0.689197  ,  0.04141742],\n",
      "       [ 0.0294981 ,  0.689896  , -0.723307  ,  0.9193558 ]],\n",
      "      dtype=float32)}, {'rgb_pth': '/media/miki/DATA/My_programing/python/AI/Analysis/data/PVNet_linemod/ape/JPEGImages/001029.jpg', 'dpt_pth': '/media/miki/DATA/My_programing/python/AI/Analysis/data/PVNet_linemod/ape/mask/1029.png', 'RT': array([[ 0.795348  , -0.605697  ,  0.0235049 , -0.0312855 ],\n",
      "       [-0.156521  , -0.242682  , -0.957396  ,  0.05844404],\n",
      "       [ 0.585596  ,  0.757784  , -0.287821  ,  1.0462509 ]],\n",
      "      dtype=float32)}, {'rgb_pth': '/media/miki/DATA/My_programing/python/AI/Analysis/data/PVNet_linemod/ape/JPEGImages/001033.jpg', 'dpt_pth': '/media/miki/DATA/My_programing/python/AI/Analysis/data/PVNet_linemod/ape/mask/1033.png', 'RT': array([[ 0.594102  , -0.798621  , -0.0961649 , -0.03783607],\n",
      "       [-0.355035  , -0.153064  , -0.922237  , -0.03472935],\n",
      "       [ 0.721799  ,  0.582045  , -0.374474  ,  1.0246593 ]],\n",
      "      dtype=float32)}, {'rgb_pth': '/media/miki/DATA/My_programing/python/AI/Analysis/data/PVNet_linemod/ape/JPEGImages/001038.jpg', 'dpt_pth': '/media/miki/DATA/My_programing/python/AI/Analysis/data/PVNet_linemod/ape/mask/1038.png', 'RT': array([[ 0.826846  , -0.502201  ,  0.25322   ,  0.13139632],\n",
      "       [-0.189686  , -0.672848  , -0.715049  , -0.08156109],\n",
      "       [ 0.529477  ,  0.543203  , -0.651602  ,  1.0234942 ]],\n",
      "      dtype=float32)}, {'rgb_pth': '/media/miki/DATA/My_programing/python/AI/Analysis/data/PVNet_linemod/ape/JPEGImages/001051.jpg', 'dpt_pth': '/media/miki/DATA/My_programing/python/AI/Analysis/data/PVNet_linemod/ape/mask/1051.png', 'RT': array([[ 0.636508  , -0.739943  ,  0.217584  , -0.03628539],\n",
      "       [-0.151563  , -0.39661   , -0.905389  , -0.02060663],\n",
      "       [ 0.756232  ,  0.543309  , -0.364593  ,  0.85180265]],\n",
      "      dtype=float32)}, {'rgb_pth': '/media/miki/DATA/My_programing/python/AI/Analysis/data/PVNet_linemod/ape/JPEGImages/001076.jpg', 'dpt_pth': '/media/miki/DATA/My_programing/python/AI/Analysis/data/PVNet_linemod/ape/mask/1076.png', 'RT': array([[ 0.930889  ,  0.299278  ,  0.209473  , -0.22961803],\n",
      "       [ 0.326554  , -0.42473   , -0.844374  ,  0.03880678],\n",
      "       [-0.163733  ,  0.854422  , -0.493106  ,  0.9397448 ]],\n",
      "      dtype=float32)}, {'rgb_pth': '/media/miki/DATA/My_programing/python/AI/Analysis/data/PVNet_linemod/ape/JPEGImages/001079.jpg', 'dpt_pth': '/media/miki/DATA/My_programing/python/AI/Analysis/data/PVNet_linemod/ape/mask/1079.png', 'RT': array([[ 0.993196  , -0.103675  ,  0.0530379 , -0.04696206],\n",
      "       [ 0.0301691 , -0.210825  , -0.977058  ,  0.07856225],\n",
      "       [ 0.112478  ,  0.97201   , -0.206263  ,  0.87675756]],\n",
      "      dtype=float32)}, {'rgb_pth': '/media/miki/DATA/My_programing/python/AI/Analysis/data/PVNet_linemod/ape/JPEGImages/001081.jpg', 'dpt_pth': '/media/miki/DATA/My_programing/python/AI/Analysis/data/PVNet_linemod/ape/mask/1081.png', 'RT': array([[ 0.99929   ,  0.0172979 , -0.0334667 , -0.13304198],\n",
      "       [-0.0230014 , -0.423404  , -0.905649  , -0.03081937],\n",
      "       [-0.0298358 ,  0.905776  , -0.422705  ,  0.8962238 ]],\n",
      "      dtype=float32)}, {'rgb_pth': '/media/miki/DATA/My_programing/python/AI/Analysis/data/PVNet_linemod/ape/JPEGImages/001084.jpg', 'dpt_pth': '/media/miki/DATA/My_programing/python/AI/Analysis/data/PVNet_linemod/ape/mask/1084.png', 'RT': array([[ 0.978046  ,  0.194695  ,  0.0742893 , -0.17042692],\n",
      "       [ 0.142993  , -0.367706  , -0.918883  , -0.04098526],\n",
      "       [-0.151586  ,  0.909333  , -0.387474  ,  0.9863502 ]],\n",
      "      dtype=float32)}, {'rgb_pth': '/media/miki/DATA/My_programing/python/AI/Analysis/data/PVNet_linemod/ape/JPEGImages/001095.jpg', 'dpt_pth': '/media/miki/DATA/My_programing/python/AI/Analysis/data/PVNet_linemod/ape/mask/1095.png', 'RT': array([[ 0.982701  ,  0.0871658 ,  0.163406  ,  0.02554172],\n",
      "       [ 0.1837    , -0.570861  , -0.800232  ,  0.11947705],\n",
      "       [ 0.0235294 ,  0.816407  , -0.576998  ,  0.90788937]],\n",
      "      dtype=float32)}, {'rgb_pth': '/media/miki/DATA/My_programing/python/AI/Analysis/data/PVNet_linemod/ape/JPEGImages/001108.jpg', 'dpt_pth': '/media/miki/DATA/My_programing/python/AI/Analysis/data/PVNet_linemod/ape/mask/1108.png', 'RT': array([[ 0.968229  , -0.202344  , -0.14693   , -0.04954324],\n",
      "       [-0.212745  , -0.357747  , -0.909262  ,  0.03334237],\n",
      "       [ 0.13142   ,  0.911632  , -0.389429  ,  0.92154866]],\n",
      "      dtype=float32)}, {'rgb_pth': '/media/miki/DATA/My_programing/python/AI/Analysis/data/PVNet_linemod/ape/JPEGImages/001117.jpg', 'dpt_pth': '/media/miki/DATA/My_programing/python/AI/Analysis/data/PVNet_linemod/ape/mask/1117.png', 'RT': array([[ 0.960508  ,  0.210204  , -0.182315  , -0.17865893],\n",
      "       [-0.070865  , -0.448812  , -0.890812  , -0.03638574],\n",
      "       [-0.269077  ,  0.868552  , -0.416191  ,  0.86521333]],\n",
      "      dtype=float32)}, {'rgb_pth': '/media/miki/DATA/My_programing/python/AI/Analysis/data/PVNet_linemod/ape/JPEGImages/001122.jpg', 'dpt_pth': '/media/miki/DATA/My_programing/python/AI/Analysis/data/PVNet_linemod/ape/mask/1122.png', 'RT': array([[ 0.710199  , -0.703972  ,  0.00640236,  0.0453121 ],\n",
      "       [-0.609185  , -0.61908   , -0.495615  , -0.10186402],\n",
      "       [ 0.352863  ,  0.348085  , -0.868519  ,  0.9094881 ]],\n",
      "      dtype=float32)}, {'rgb_pth': '/media/miki/DATA/My_programing/python/AI/Analysis/data/PVNet_linemod/ape/JPEGImages/001125.jpg', 'dpt_pth': '/media/miki/DATA/My_programing/python/AI/Analysis/data/PVNet_linemod/ape/mask/1125.png', 'RT': array([[ 0.867359  , -0.493894  ,  0.06129   , -0.02595164],\n",
      "       [-0.377636  , -0.733345  , -0.565329  ,  0.02176031],\n",
      "       [ 0.32416   ,  0.467198  , -0.822585  ,  0.85461164]],\n",
      "      dtype=float32)}, {'rgb_pth': '/media/miki/DATA/My_programing/python/AI/Analysis/data/PVNet_linemod/ape/JPEGImages/001130.jpg', 'dpt_pth': '/media/miki/DATA/My_programing/python/AI/Analysis/data/PVNet_linemod/ape/mask/1130.png', 'RT': array([[ 0.686971  , -0.72571   ,  0.0376331 , -0.05303811],\n",
      "       [-0.348318  , -0.374291  , -0.859408  ,  0.12140546],\n",
      "       [ 0.637766  ,  0.57728   , -0.509904  ,  0.8193475 ]],\n",
      "      dtype=float32)}, {'rgb_pth': '/media/miki/DATA/My_programing/python/AI/Analysis/data/PVNet_linemod/ape/JPEGImages/001139.jpg', 'dpt_pth': '/media/miki/DATA/My_programing/python/AI/Analysis/data/PVNet_linemod/ape/mask/1139.png', 'RT': array([[ 0.929616  , -0.34668   , -0.12501   , -0.00449009],\n",
      "       [-0.202748  , -0.197845  , -0.959036  ,  0.03338219],\n",
      "       [ 0.307746  ,  0.916881  , -0.254209  ,  0.8500102 ]],\n",
      "      dtype=float32)}, {'rgb_pth': '/media/miki/DATA/My_programing/python/AI/Analysis/data/PVNet_linemod/ape/JPEGImages/001145.jpg', 'dpt_pth': '/media/miki/DATA/My_programing/python/AI/Analysis/data/PVNet_linemod/ape/mask/1145.png', 'RT': array([[ 0.804574  , -0.440936  ,  0.397789  , -0.06838052],\n",
      "       [ 0.0780329 , -0.585538  , -0.806881  , -0.13152257],\n",
      "       [ 0.588704  ,  0.680236  , -0.436701  ,  0.879901  ]],\n",
      "      dtype=float32)}, {'rgb_pth': '/media/miki/DATA/My_programing/python/AI/Analysis/data/PVNet_linemod/ape/JPEGImages/001148.jpg', 'dpt_pth': '/media/miki/DATA/My_programing/python/AI/Analysis/data/PVNet_linemod/ape/mask/1148.png', 'RT': array([[ 0.728833  , -0.586383  ,  0.353494  , -0.12246928],\n",
      "       [-0.0838735 , -0.588855  , -0.803875  , -0.13571946],\n",
      "       [ 0.679535  ,  0.556242  , -0.478359  ,  0.84490865]],\n",
      "      dtype=float32)}, {'rgb_pth': '/media/miki/DATA/My_programing/python/AI/Analysis/data/PVNet_linemod/ape/JPEGImages/001154.jpg', 'dpt_pth': '/media/miki/DATA/My_programing/python/AI/Analysis/data/PVNet_linemod/ape/mask/1154.png', 'RT': array([[ 0.617571  , -0.783982  ,  0.0630796 , -0.15441145],\n",
      "       [-0.141914  , -0.189957  , -0.971482  ,  0.00825935],\n",
      "       [ 0.773606  ,  0.591007  , -0.22857   ,  0.8523425 ]],\n",
      "      dtype=float32)}, {'rgb_pth': '/media/miki/DATA/My_programing/python/AI/Analysis/data/PVNet_linemod/ape/JPEGImages/001161.jpg', 'dpt_pth': '/media/miki/DATA/My_programing/python/AI/Analysis/data/PVNet_linemod/ape/mask/1161.png', 'RT': array([[ 0.41224   , -0.911018  ,  0.010273  , -0.05276967],\n",
      "       [-0.805055  , -0.369524  , -0.464046  , -0.08391577],\n",
      "       [ 0.42655   ,  0.183028  , -0.885751  ,  0.7192275 ]],\n",
      "      dtype=float32)}, {'rgb_pth': '/media/miki/DATA/My_programing/python/AI/Analysis/data/PVNet_linemod/ape/JPEGImages/001175.jpg', 'dpt_pth': '/media/miki/DATA/My_programing/python/AI/Analysis/data/PVNet_linemod/ape/mask/1175.png', 'RT': array([[ 0.994094  ,  0.0826573 ,  0.0703177 , -0.06109367],\n",
      "       [ 0.108497  , -0.743449  , -0.659933  , -0.10999005],\n",
      "       [-0.00227066,  0.663665  , -0.748026  ,  0.76571417]],\n",
      "      dtype=float32)}, {'rgb_pth': '/media/miki/DATA/My_programing/python/AI/Analysis/data/PVNet_linemod/ape/JPEGImages/001179.jpg', 'dpt_pth': '/media/miki/DATA/My_programing/python/AI/Analysis/data/PVNet_linemod/ape/mask/1179.png', 'RT': array([[ 0.975899  , -0.20331   ,  0.0792826 , -0.09758765],\n",
      "       [-0.0425878 , -0.533768  , -0.844558  , -0.02102337],\n",
      "       [ 0.214025  ,  0.820827  , -0.529562  ,  0.7167266 ]],\n",
      "      dtype=float32)}, {'rgb_pth': '/media/miki/DATA/My_programing/python/AI/Analysis/data/PVNet_linemod/ape/JPEGImages/001196.jpg', 'dpt_pth': '/media/miki/DATA/My_programing/python/AI/Analysis/data/PVNet_linemod/ape/mask/1196.png', 'RT': array([[ 0.993516  , -0.0786437 , -0.0821035 ,  0.01022369],\n",
      "       [-0.110334  , -0.841153  , -0.529422  , -0.06352635],\n",
      "       [-0.0274259 ,  0.535048  , -0.844376  ,  0.6688737 ]],\n",
      "      dtype=float32)}, {'rgb_pth': '/media/miki/DATA/My_programing/python/AI/Analysis/data/PVNet_linemod/ape/JPEGImages/001197.jpg', 'dpt_pth': '/media/miki/DATA/My_programing/python/AI/Analysis/data/PVNet_linemod/ape/mask/1197.png', 'RT': array([[ 0.972171  ,  0.233376  , -0.020497  , -0.0844413 ],\n",
      "       [ 0.196134  , -0.858627  , -0.473594  , -0.03914725],\n",
      "       [-0.128125  ,  0.456394  , -0.880505  ,  0.683843  ]],\n",
      "      dtype=float32)}, {'rgb_pth': '/media/miki/DATA/My_programing/python/AI/Analysis/data/PVNet_linemod/ape/JPEGImages/001207.jpg', 'dpt_pth': '/media/miki/DATA/My_programing/python/AI/Analysis/data/PVNet_linemod/ape/mask/1207.png', 'RT': array([[ 0.482435  , -0.874999  ,  0.04042   , -0.0186908 ],\n",
      "       [-0.496261  , -0.311058  , -0.810535  , -0.02233819],\n",
      "       [ 0.72179   ,  0.370972  , -0.584294  ,  0.7295407 ]],\n",
      "      dtype=float32)}, {'rgb_pth': '/media/miki/DATA/My_programing/python/AI/Analysis/data/PVNet_linemod/ape/JPEGImages/001210.jpg', 'dpt_pth': '/media/miki/DATA/My_programing/python/AI/Analysis/data/PVNet_linemod/ape/mask/1210.png', 'RT': array([[ 0.88804   , -0.438673  ,  0.137663  , -0.03683821],\n",
      "       [-0.141132  , -0.545055  , -0.826436  , -0.018964  ],\n",
      "       [ 0.437569  ,  0.71448   , -0.545941  ,  0.7021552 ]],\n",
      "      dtype=float32)}, {'rgb_pth': '/media/miki/DATA/My_programing/python/AI/Analysis/data/PVNet_linemod/ape/JPEGImages/001212.jpg', 'dpt_pth': '/media/miki/DATA/My_programing/python/AI/Analysis/data/PVNet_linemod/ape/mask/1212.png', 'RT': array([[ 0.96238   , -0.243342  ,  0.120866  ,  0.03250322],\n",
      "       [-0.161759  , -0.870556  , -0.464721  , -0.04641838],\n",
      "       [ 0.218307  ,  0.427687  , -0.877169  ,  0.71470195]],\n",
      "      dtype=float32)}, {'rgb_pth': '/media/miki/DATA/My_programing/python/AI/Analysis/data/PVNet_linemod/ape/JPEGImages/001226.jpg', 'dpt_pth': '/media/miki/DATA/My_programing/python/AI/Analysis/data/PVNet_linemod/ape/mask/1226.png', 'RT': array([[ 2.4918000e-01, -9.6772099e-01, -3.7761599e-02, -4.7768623e-02],\n",
      "       [-2.9967999e-01, -3.9970100e-02, -9.5320201e-01,  1.2397573e-04],\n",
      "       [ 9.2092401e-01,  2.4883600e-01, -2.9996601e-01,  7.3057687e-01]],\n",
      "      dtype=float32)}, {'rgb_pth': '/media/miki/DATA/My_programing/python/AI/Analysis/data/PVNet_linemod/ape/JPEGImages/001228.jpg', 'dpt_pth': '/media/miki/DATA/My_programing/python/AI/Analysis/data/PVNet_linemod/ape/mask/1228.png', 'RT': array([[ 0.886735  , -0.46161   , -0.0248292 , -0.05717161],\n",
      "       [-0.224568  , -0.383195  , -0.895952  , -0.04161019],\n",
      "       [ 0.404067  ,  0.800048  , -0.443455  ,  0.7085169 ]],\n",
      "      dtype=float32)}, {'rgb_pth': '/media/miki/DATA/My_programing/python/AI/Analysis/data/PVNet_linemod/ape/JPEGImages/001235.jpg', 'dpt_pth': '/media/miki/DATA/My_programing/python/AI/Analysis/data/PVNet_linemod/ape/mask/1235.png', 'RT': array([[ 0.983299  ,  0.0023933 , -0.181979  , -0.05273252],\n",
      "       [-0.151483  , -0.54344   , -0.825667  , -0.12502074],\n",
      "       [-0.100871  ,  0.839444  , -0.534002  ,  0.72159576]],\n",
      "      dtype=float32)}]\n"
     ]
    }
   ],
   "source": [
    "data_base = _collect_linemod_set_info(pvnet_linemod_dir ,\n",
    "                                                                                   obj_name,\n",
    "                                                                                   linemod_dir,\n",
    "                                                                                   cache_dir)\n",
    "print(u'Create data_base！')\n",
    "print(data_base)"
   ]
  },
  {
   "source": [
    "## __randomly_read_background Test"
   ],
   "cell_type": "markdown",
   "metadata": {}
  },
  {
   "cell_type": "code",
   "execution_count": 244,
   "metadata": {},
   "outputs": [],
   "source": [
    "def __randomly_read_background(background_dir: str, cache_dir: str) -> np.ndarray:\n",
    "    \"\"\"\n",
    "    合成画像を作成する際に背景として使用される画像を読み出し，その画像のパスを `background_info.pkl` データとして一度保存しておくための関数．画像は `.jpg` か `.png` として保存されているもののみ使用可能．\n",
    "\n",
    "    Args:\n",
    "        background_dir(str): 背景画像として使用する画像の保存先のパス\n",
    "        cache_dir(str): background_info.pkl データの保存先のパス. Defaults to './'.\n",
    "\n",
    "    Return:\n",
    "        (np.ndarray): 背景画像の ndarray 配列\n",
    "    \"\"\"\n",
    "    if os.path.exists(os.path.join(cache_dir, 'background_info.pkl')):\n",
    "        fns = read_pickle(os.path.join(cache_dir, 'background_info.pkl'))\n",
    "    else:\n",
    "        fns = glob(os.path.join(background_dir, '*.jpg')) + glob(os.path.join(background_dir, '*.png'))\n",
    "        save_pickle(fns, os.path.join(cache_dir, 'background_info.pkl'))\n",
    "    return cv2.imread(fns[np.random.randint(0, len(fns))])"
   ]
  },
  {
   "cell_type": "code",
   "execution_count": 245,
   "metadata": {},
   "outputs": [
    {
     "output_type": "stream",
     "name": "stdout",
     "text": [
      "img type =\n<class 'numpy.ndarray'>\n"
     ]
    },
    {
     "output_type": "display_data",
     "data": {
      "text/plain": "<Figure size 432x288 with 1 Axes>",
